50 50 10 25
34
30 75 50 5 0
100 100 30 5 1
200 100 30 5 1
150 150 30 5 0
100 200 30 5 1
200 200 30 5 1
150 250 30 5 0
100 300 30 5 1
200 300 30 5 1
150 350 30 5 0
250 350 30 5 0
350 350 30 5 0
450 350 30 5 0
425 325 50 5 1
475 325 50 5 0
425 300 50 5 0
475 300 50 5 1
425 275 50 5 1
475 275 50 5 0
425 250 50 5 1
475 250 50 5 0
425 225 50 5 0
475 225 50 5 1
425 200 50 5 0
475 200 50 5 1
425 175 50 5 1
475 175 50 5 0
425 150 50 5 0
475 150 50 5 1
425 125 50 5 0
475 125 50 5 1
425 100 50 5 0
475 100 50 5 1
520 75 50 5 9001





